{
 "cells": [
  {
   "cell_type": "code",
   "execution_count": 1,
   "source": [
    "import pandas as pd\r\n",
    "import seaborn as sns\r\n",
    "\r\n",
    "df=sns.load_dataset('titanic')"
   ],
   "outputs": [],
   "metadata": {}
  },
  {
   "cell_type": "code",
   "execution_count": 2,
   "source": [
    "print(df.head())"
   ],
   "outputs": [
    {
     "output_type": "stream",
     "name": "stdout",
     "text": [
      "   survived  pclass     sex   age  sibsp  parch     fare embarked  class  \\\n",
      "0         0       3    male  22.0      1      0   7.2500        S  Third   \n",
      "1         1       1  female  38.0      1      0  71.2833        C  First   \n",
      "2         1       3  female  26.0      0      0   7.9250        S  Third   \n",
      "3         1       1  female  35.0      1      0  53.1000        S  First   \n",
      "4         0       3    male  35.0      0      0   8.0500        S  Third   \n",
      "\n",
      "     who  adult_male deck  embark_town alive  alone  \n",
      "0    man        True  NaN  Southampton    no  False  \n",
      "1  woman       False    C    Cherbourg   yes  False  \n",
      "2  woman       False  NaN  Southampton   yes   True  \n",
      "3  woman       False    C  Southampton   yes  False  \n",
      "4    man        True  NaN  Southampton    no   True  \n"
     ]
    }
   ],
   "metadata": {}
  },
  {
   "cell_type": "code",
   "execution_count": 3,
   "source": [
    "df.isna().sum()"
   ],
   "outputs": [
    {
     "output_type": "execute_result",
     "data": {
      "text/plain": [
       "survived         0\n",
       "pclass           0\n",
       "sex              0\n",
       "age            177\n",
       "sibsp            0\n",
       "parch            0\n",
       "fare             0\n",
       "embarked         2\n",
       "class            0\n",
       "who              0\n",
       "adult_male       0\n",
       "deck           688\n",
       "embark_town      2\n",
       "alive            0\n",
       "alone            0\n",
       "dtype: int64"
      ]
     },
     "metadata": {},
     "execution_count": 3
    }
   ],
   "metadata": {}
  },
  {
   "cell_type": "code",
   "execution_count": 4,
   "source": [
    "# age열에 나이 데이터가 없는 모든 행을 삭제 -age 열(891개중 177개의 NaN 값)\r\n",
    "df=df.dropna(subset=['age'], how='any', axis=0)\r\n",
    "print(len(df))\r\n",
    "print('\\n')"
   ],
   "outputs": [
    {
     "output_type": "stream",
     "name": "stdout",
     "text": [
      "714\n",
      "\n",
      "\n"
     ]
    }
   ],
   "metadata": {}
  },
  {
   "cell_type": "code",
   "execution_count": 5,
   "source": [
    "# 생존이1, 사망이 0, survived\r\n",
    "# 나이가 어릴수록 생존율이 높음. -값 나옴\r\n",
    "df.corr()"
   ],
   "outputs": [
    {
     "output_type": "execute_result",
     "data": {
      "text/html": [
       "<div>\n",
       "<style scoped>\n",
       "    .dataframe tbody tr th:only-of-type {\n",
       "        vertical-align: middle;\n",
       "    }\n",
       "\n",
       "    .dataframe tbody tr th {\n",
       "        vertical-align: top;\n",
       "    }\n",
       "\n",
       "    .dataframe thead th {\n",
       "        text-align: right;\n",
       "    }\n",
       "</style>\n",
       "<table border=\"1\" class=\"dataframe\">\n",
       "  <thead>\n",
       "    <tr style=\"text-align: right;\">\n",
       "      <th></th>\n",
       "      <th>survived</th>\n",
       "      <th>pclass</th>\n",
       "      <th>age</th>\n",
       "      <th>sibsp</th>\n",
       "      <th>parch</th>\n",
       "      <th>fare</th>\n",
       "      <th>adult_male</th>\n",
       "      <th>alone</th>\n",
       "    </tr>\n",
       "  </thead>\n",
       "  <tbody>\n",
       "    <tr>\n",
       "      <th>survived</th>\n",
       "      <td>1.000000</td>\n",
       "      <td>-0.359653</td>\n",
       "      <td>-0.077221</td>\n",
       "      <td>-0.017358</td>\n",
       "      <td>0.093317</td>\n",
       "      <td>0.268189</td>\n",
       "      <td>-0.552936</td>\n",
       "      <td>-0.196140</td>\n",
       "    </tr>\n",
       "    <tr>\n",
       "      <th>pclass</th>\n",
       "      <td>-0.359653</td>\n",
       "      <td>1.000000</td>\n",
       "      <td>-0.369226</td>\n",
       "      <td>0.067247</td>\n",
       "      <td>0.025683</td>\n",
       "      <td>-0.554182</td>\n",
       "      <td>0.099021</td>\n",
       "      <td>0.146320</td>\n",
       "    </tr>\n",
       "    <tr>\n",
       "      <th>age</th>\n",
       "      <td>-0.077221</td>\n",
       "      <td>-0.369226</td>\n",
       "      <td>1.000000</td>\n",
       "      <td>-0.308247</td>\n",
       "      <td>-0.189119</td>\n",
       "      <td>0.096067</td>\n",
       "      <td>0.280328</td>\n",
       "      <td>0.198270</td>\n",
       "    </tr>\n",
       "    <tr>\n",
       "      <th>sibsp</th>\n",
       "      <td>-0.017358</td>\n",
       "      <td>0.067247</td>\n",
       "      <td>-0.308247</td>\n",
       "      <td>1.000000</td>\n",
       "      <td>0.383820</td>\n",
       "      <td>0.138329</td>\n",
       "      <td>-0.310463</td>\n",
       "      <td>-0.629818</td>\n",
       "    </tr>\n",
       "    <tr>\n",
       "      <th>parch</th>\n",
       "      <td>0.093317</td>\n",
       "      <td>0.025683</td>\n",
       "      <td>-0.189119</td>\n",
       "      <td>0.383820</td>\n",
       "      <td>1.000000</td>\n",
       "      <td>0.205119</td>\n",
       "      <td>-0.363079</td>\n",
       "      <td>-0.577524</td>\n",
       "    </tr>\n",
       "    <tr>\n",
       "      <th>fare</th>\n",
       "      <td>0.268189</td>\n",
       "      <td>-0.554182</td>\n",
       "      <td>0.096067</td>\n",
       "      <td>0.138329</td>\n",
       "      <td>0.205119</td>\n",
       "      <td>1.000000</td>\n",
       "      <td>-0.179740</td>\n",
       "      <td>-0.260136</td>\n",
       "    </tr>\n",
       "    <tr>\n",
       "      <th>adult_male</th>\n",
       "      <td>-0.552936</td>\n",
       "      <td>0.099021</td>\n",
       "      <td>0.280328</td>\n",
       "      <td>-0.310463</td>\n",
       "      <td>-0.363079</td>\n",
       "      <td>-0.179740</td>\n",
       "      <td>1.000000</td>\n",
       "      <td>0.396632</td>\n",
       "    </tr>\n",
       "    <tr>\n",
       "      <th>alone</th>\n",
       "      <td>-0.196140</td>\n",
       "      <td>0.146320</td>\n",
       "      <td>0.198270</td>\n",
       "      <td>-0.629818</td>\n",
       "      <td>-0.577524</td>\n",
       "      <td>-0.260136</td>\n",
       "      <td>0.396632</td>\n",
       "      <td>1.000000</td>\n",
       "    </tr>\n",
       "  </tbody>\n",
       "</table>\n",
       "</div>"
      ],
      "text/plain": [
       "            survived    pclass       age     sibsp     parch      fare  \\\n",
       "survived    1.000000 -0.359653 -0.077221 -0.017358  0.093317  0.268189   \n",
       "pclass     -0.359653  1.000000 -0.369226  0.067247  0.025683 -0.554182   \n",
       "age        -0.077221 -0.369226  1.000000 -0.308247 -0.189119  0.096067   \n",
       "sibsp      -0.017358  0.067247 -0.308247  1.000000  0.383820  0.138329   \n",
       "parch       0.093317  0.025683 -0.189119  0.383820  1.000000  0.205119   \n",
       "fare        0.268189 -0.554182  0.096067  0.138329  0.205119  1.000000   \n",
       "adult_male -0.552936  0.099021  0.280328 -0.310463 -0.363079 -0.179740   \n",
       "alone      -0.196140  0.146320  0.198270 -0.629818 -0.577524 -0.260136   \n",
       "\n",
       "            adult_male     alone  \n",
       "survived     -0.552936 -0.196140  \n",
       "pclass        0.099021  0.146320  \n",
       "age           0.280328  0.198270  \n",
       "sibsp        -0.310463 -0.629818  \n",
       "parch        -0.363079 -0.577524  \n",
       "fare         -0.179740 -0.260136  \n",
       "adult_male    1.000000  0.396632  \n",
       "alone         0.396632  1.000000  "
      ]
     },
     "metadata": {},
     "execution_count": 5
    }
   ],
   "metadata": {}
  },
  {
   "cell_type": "code",
   "execution_count": 6,
   "source": [
    "df[df['sex']=='male'].corr()"
   ],
   "outputs": [
    {
     "output_type": "execute_result",
     "data": {
      "text/html": [
       "<div>\n",
       "<style scoped>\n",
       "    .dataframe tbody tr th:only-of-type {\n",
       "        vertical-align: middle;\n",
       "    }\n",
       "\n",
       "    .dataframe tbody tr th {\n",
       "        vertical-align: top;\n",
       "    }\n",
       "\n",
       "    .dataframe thead th {\n",
       "        text-align: right;\n",
       "    }\n",
       "</style>\n",
       "<table border=\"1\" class=\"dataframe\">\n",
       "  <thead>\n",
       "    <tr style=\"text-align: right;\">\n",
       "      <th></th>\n",
       "      <th>survived</th>\n",
       "      <th>pclass</th>\n",
       "      <th>age</th>\n",
       "      <th>sibsp</th>\n",
       "      <th>parch</th>\n",
       "      <th>fare</th>\n",
       "      <th>adult_male</th>\n",
       "      <th>alone</th>\n",
       "    </tr>\n",
       "  </thead>\n",
       "  <tbody>\n",
       "    <tr>\n",
       "      <th>survived</th>\n",
       "      <td>1.000000</td>\n",
       "      <td>-0.221893</td>\n",
       "      <td>-0.119618</td>\n",
       "      <td>-0.016908</td>\n",
       "      <td>0.098726</td>\n",
       "      <td>0.183421</td>\n",
       "      <td>-0.246323</td>\n",
       "      <td>-0.132735</td>\n",
       "    </tr>\n",
       "    <tr>\n",
       "      <th>pclass</th>\n",
       "      <td>-0.221893</td>\n",
       "      <td>1.000000</td>\n",
       "      <td>-0.392754</td>\n",
       "      <td>0.056253</td>\n",
       "      <td>-0.042630</td>\n",
       "      <td>-0.486482</td>\n",
       "      <td>-0.110147</td>\n",
       "      <td>0.178073</td>\n",
       "    </tr>\n",
       "    <tr>\n",
       "      <th>age</th>\n",
       "      <td>-0.119618</td>\n",
       "      <td>-0.392754</td>\n",
       "      <td>1.000000</td>\n",
       "      <td>-0.334982</td>\n",
       "      <td>-0.232419</td>\n",
       "      <td>0.077331</td>\n",
       "      <td>0.536159</td>\n",
       "      <td>0.211858</td>\n",
       "    </tr>\n",
       "    <tr>\n",
       "      <th>sibsp</th>\n",
       "      <td>-0.016908</td>\n",
       "      <td>0.056253</td>\n",
       "      <td>-0.334982</td>\n",
       "      <td>1.000000</td>\n",
       "      <td>0.478161</td>\n",
       "      <td>0.163829</td>\n",
       "      <td>-0.602361</td>\n",
       "      <td>-0.680127</td>\n",
       "    </tr>\n",
       "    <tr>\n",
       "      <th>parch</th>\n",
       "      <td>0.098726</td>\n",
       "      <td>-0.042630</td>\n",
       "      <td>-0.232419</td>\n",
       "      <td>0.478161</td>\n",
       "      <td>1.000000</td>\n",
       "      <td>0.311899</td>\n",
       "      <td>-0.516077</td>\n",
       "      <td>-0.596347</td>\n",
       "    </tr>\n",
       "    <tr>\n",
       "      <th>fare</th>\n",
       "      <td>0.183421</td>\n",
       "      <td>-0.486482</td>\n",
       "      <td>0.077331</td>\n",
       "      <td>0.163829</td>\n",
       "      <td>0.311899</td>\n",
       "      <td>1.000000</td>\n",
       "      <td>-0.048333</td>\n",
       "      <td>-0.335899</td>\n",
       "    </tr>\n",
       "    <tr>\n",
       "      <th>adult_male</th>\n",
       "      <td>-0.246323</td>\n",
       "      <td>-0.110147</td>\n",
       "      <td>0.536159</td>\n",
       "      <td>-0.602361</td>\n",
       "      <td>-0.516077</td>\n",
       "      <td>-0.048333</td>\n",
       "      <td>1.000000</td>\n",
       "      <td>0.427967</td>\n",
       "    </tr>\n",
       "    <tr>\n",
       "      <th>alone</th>\n",
       "      <td>-0.132735</td>\n",
       "      <td>0.178073</td>\n",
       "      <td>0.211858</td>\n",
       "      <td>-0.680127</td>\n",
       "      <td>-0.596347</td>\n",
       "      <td>-0.335899</td>\n",
       "      <td>0.427967</td>\n",
       "      <td>1.000000</td>\n",
       "    </tr>\n",
       "  </tbody>\n",
       "</table>\n",
       "</div>"
      ],
      "text/plain": [
       "            survived    pclass       age     sibsp     parch      fare  \\\n",
       "survived    1.000000 -0.221893 -0.119618 -0.016908  0.098726  0.183421   \n",
       "pclass     -0.221893  1.000000 -0.392754  0.056253 -0.042630 -0.486482   \n",
       "age        -0.119618 -0.392754  1.000000 -0.334982 -0.232419  0.077331   \n",
       "sibsp      -0.016908  0.056253 -0.334982  1.000000  0.478161  0.163829   \n",
       "parch       0.098726 -0.042630 -0.232419  0.478161  1.000000  0.311899   \n",
       "fare        0.183421 -0.486482  0.077331  0.163829  0.311899  1.000000   \n",
       "adult_male -0.246323 -0.110147  0.536159 -0.602361 -0.516077 -0.048333   \n",
       "alone      -0.132735  0.178073  0.211858 -0.680127 -0.596347 -0.335899   \n",
       "\n",
       "            adult_male     alone  \n",
       "survived     -0.246323 -0.132735  \n",
       "pclass       -0.110147  0.178073  \n",
       "age           0.536159  0.211858  \n",
       "sibsp        -0.602361 -0.680127  \n",
       "parch        -0.516077 -0.596347  \n",
       "fare         -0.048333 -0.335899  \n",
       "adult_male    1.000000  0.427967  \n",
       "alone         0.427967  1.000000  "
      ]
     },
     "metadata": {},
     "execution_count": 6
    }
   ],
   "metadata": {}
  },
  {
   "cell_type": "code",
   "execution_count": 7,
   "source": [
    "tmp =df[df['pclass']==3]\r\n",
    "\r\n",
    "tmp[(tmp['sex']=='male') & (tmp['age']<30)].corr()"
   ],
   "outputs": [
    {
     "output_type": "execute_result",
     "data": {
      "text/html": [
       "<div>\n",
       "<style scoped>\n",
       "    .dataframe tbody tr th:only-of-type {\n",
       "        vertical-align: middle;\n",
       "    }\n",
       "\n",
       "    .dataframe tbody tr th {\n",
       "        vertical-align: top;\n",
       "    }\n",
       "\n",
       "    .dataframe thead th {\n",
       "        text-align: right;\n",
       "    }\n",
       "</style>\n",
       "<table border=\"1\" class=\"dataframe\">\n",
       "  <thead>\n",
       "    <tr style=\"text-align: right;\">\n",
       "      <th></th>\n",
       "      <th>survived</th>\n",
       "      <th>pclass</th>\n",
       "      <th>age</th>\n",
       "      <th>sibsp</th>\n",
       "      <th>parch</th>\n",
       "      <th>fare</th>\n",
       "      <th>adult_male</th>\n",
       "      <th>alone</th>\n",
       "    </tr>\n",
       "  </thead>\n",
       "  <tbody>\n",
       "    <tr>\n",
       "      <th>survived</th>\n",
       "      <td>1.000000</td>\n",
       "      <td>NaN</td>\n",
       "      <td>-0.125632</td>\n",
       "      <td>-0.083791</td>\n",
       "      <td>0.099899</td>\n",
       "      <td>-0.015207</td>\n",
       "      <td>-0.182742</td>\n",
       "      <td>-0.110370</td>\n",
       "    </tr>\n",
       "    <tr>\n",
       "      <th>pclass</th>\n",
       "      <td>NaN</td>\n",
       "      <td>NaN</td>\n",
       "      <td>NaN</td>\n",
       "      <td>NaN</td>\n",
       "      <td>NaN</td>\n",
       "      <td>NaN</td>\n",
       "      <td>NaN</td>\n",
       "      <td>NaN</td>\n",
       "    </tr>\n",
       "    <tr>\n",
       "      <th>age</th>\n",
       "      <td>-0.125632</td>\n",
       "      <td>NaN</td>\n",
       "      <td>1.000000</td>\n",
       "      <td>-0.633480</td>\n",
       "      <td>-0.690664</td>\n",
       "      <td>-0.494427</td>\n",
       "      <td>0.835118</td>\n",
       "      <td>0.551316</td>\n",
       "    </tr>\n",
       "    <tr>\n",
       "      <th>sibsp</th>\n",
       "      <td>-0.083791</td>\n",
       "      <td>NaN</td>\n",
       "      <td>-0.633480</td>\n",
       "      <td>1.000000</td>\n",
       "      <td>0.728975</td>\n",
       "      <td>0.776830</td>\n",
       "      <td>-0.737404</td>\n",
       "      <td>-0.752813</td>\n",
       "    </tr>\n",
       "    <tr>\n",
       "      <th>parch</th>\n",
       "      <td>0.099899</td>\n",
       "      <td>NaN</td>\n",
       "      <td>-0.690664</td>\n",
       "      <td>0.728975</td>\n",
       "      <td>1.000000</td>\n",
       "      <td>0.680097</td>\n",
       "      <td>-0.747831</td>\n",
       "      <td>-0.688372</td>\n",
       "    </tr>\n",
       "    <tr>\n",
       "      <th>fare</th>\n",
       "      <td>-0.015207</td>\n",
       "      <td>NaN</td>\n",
       "      <td>-0.494427</td>\n",
       "      <td>0.776830</td>\n",
       "      <td>0.680097</td>\n",
       "      <td>1.000000</td>\n",
       "      <td>-0.615092</td>\n",
       "      <td>-0.532739</td>\n",
       "    </tr>\n",
       "    <tr>\n",
       "      <th>adult_male</th>\n",
       "      <td>-0.182742</td>\n",
       "      <td>NaN</td>\n",
       "      <td>0.835118</td>\n",
       "      <td>-0.737404</td>\n",
       "      <td>-0.747831</td>\n",
       "      <td>-0.615092</td>\n",
       "      <td>1.000000</td>\n",
       "      <td>0.631679</td>\n",
       "    </tr>\n",
       "    <tr>\n",
       "      <th>alone</th>\n",
       "      <td>-0.110370</td>\n",
       "      <td>NaN</td>\n",
       "      <td>0.551316</td>\n",
       "      <td>-0.752813</td>\n",
       "      <td>-0.688372</td>\n",
       "      <td>-0.532739</td>\n",
       "      <td>0.631679</td>\n",
       "      <td>1.000000</td>\n",
       "    </tr>\n",
       "  </tbody>\n",
       "</table>\n",
       "</div>"
      ],
      "text/plain": [
       "            survived  pclass       age     sibsp     parch      fare  \\\n",
       "survived    1.000000     NaN -0.125632 -0.083791  0.099899 -0.015207   \n",
       "pclass           NaN     NaN       NaN       NaN       NaN       NaN   \n",
       "age        -0.125632     NaN  1.000000 -0.633480 -0.690664 -0.494427   \n",
       "sibsp      -0.083791     NaN -0.633480  1.000000  0.728975  0.776830   \n",
       "parch       0.099899     NaN -0.690664  0.728975  1.000000  0.680097   \n",
       "fare       -0.015207     NaN -0.494427  0.776830  0.680097  1.000000   \n",
       "adult_male -0.182742     NaN  0.835118 -0.737404 -0.747831 -0.615092   \n",
       "alone      -0.110370     NaN  0.551316 -0.752813 -0.688372 -0.532739   \n",
       "\n",
       "            adult_male     alone  \n",
       "survived     -0.182742 -0.110370  \n",
       "pclass             NaN       NaN  \n",
       "age           0.835118  0.551316  \n",
       "sibsp        -0.737404 -0.752813  \n",
       "parch        -0.747831 -0.688372  \n",
       "fare         -0.615092 -0.532739  \n",
       "adult_male    1.000000  0.631679  \n",
       "alone         0.631679  1.000000  "
      ]
     },
     "metadata": {},
     "execution_count": 7
    }
   ],
   "metadata": {}
  },
  {
   "cell_type": "code",
   "execution_count": 8,
   "source": [
    "tmp=df[(df['pclass']==3) & (df['sex']=='male')]\r\n",
    "print(tmp.describe())\r\n",
    "\r\n",
    "tmp=df[(df['pclass']==3) & (df['sex']=='male')]\r\n",
    "tmp.describe()"
   ],
   "outputs": [
    {
     "output_type": "stream",
     "name": "stdout",
     "text": [
      "         survived  pclass         age       sibsp       parch        fare\n",
      "count  253.000000   253.0  253.000000  253.000000  253.000000  253.000000\n",
      "mean     0.150198     3.0   26.507589    0.490119    0.256917   12.162695\n",
      "std      0.357973     0.0   12.159514    1.121976    0.667560   10.129882\n",
      "min      0.000000     3.0    0.420000    0.000000    0.000000    0.000000\n",
      "25%      0.000000     3.0   20.000000    0.000000    0.000000    7.750000\n",
      "50%      0.000000     3.0   25.000000    0.000000    0.000000    7.925000\n",
      "75%      0.000000     3.0   33.000000    0.000000    0.000000    9.500000\n",
      "max      1.000000     3.0   74.000000    5.000000    5.000000   56.495800\n"
     ]
    },
    {
     "output_type": "execute_result",
     "data": {
      "text/html": [
       "<div>\n",
       "<style scoped>\n",
       "    .dataframe tbody tr th:only-of-type {\n",
       "        vertical-align: middle;\n",
       "    }\n",
       "\n",
       "    .dataframe tbody tr th {\n",
       "        vertical-align: top;\n",
       "    }\n",
       "\n",
       "    .dataframe thead th {\n",
       "        text-align: right;\n",
       "    }\n",
       "</style>\n",
       "<table border=\"1\" class=\"dataframe\">\n",
       "  <thead>\n",
       "    <tr style=\"text-align: right;\">\n",
       "      <th></th>\n",
       "      <th>survived</th>\n",
       "      <th>pclass</th>\n",
       "      <th>age</th>\n",
       "      <th>sibsp</th>\n",
       "      <th>parch</th>\n",
       "      <th>fare</th>\n",
       "    </tr>\n",
       "  </thead>\n",
       "  <tbody>\n",
       "    <tr>\n",
       "      <th>count</th>\n",
       "      <td>253.000000</td>\n",
       "      <td>253.0</td>\n",
       "      <td>253.000000</td>\n",
       "      <td>253.000000</td>\n",
       "      <td>253.000000</td>\n",
       "      <td>253.000000</td>\n",
       "    </tr>\n",
       "    <tr>\n",
       "      <th>mean</th>\n",
       "      <td>0.150198</td>\n",
       "      <td>3.0</td>\n",
       "      <td>26.507589</td>\n",
       "      <td>0.490119</td>\n",
       "      <td>0.256917</td>\n",
       "      <td>12.162695</td>\n",
       "    </tr>\n",
       "    <tr>\n",
       "      <th>std</th>\n",
       "      <td>0.357973</td>\n",
       "      <td>0.0</td>\n",
       "      <td>12.159514</td>\n",
       "      <td>1.121976</td>\n",
       "      <td>0.667560</td>\n",
       "      <td>10.129882</td>\n",
       "    </tr>\n",
       "    <tr>\n",
       "      <th>min</th>\n",
       "      <td>0.000000</td>\n",
       "      <td>3.0</td>\n",
       "      <td>0.420000</td>\n",
       "      <td>0.000000</td>\n",
       "      <td>0.000000</td>\n",
       "      <td>0.000000</td>\n",
       "    </tr>\n",
       "    <tr>\n",
       "      <th>25%</th>\n",
       "      <td>0.000000</td>\n",
       "      <td>3.0</td>\n",
       "      <td>20.000000</td>\n",
       "      <td>0.000000</td>\n",
       "      <td>0.000000</td>\n",
       "      <td>7.750000</td>\n",
       "    </tr>\n",
       "    <tr>\n",
       "      <th>50%</th>\n",
       "      <td>0.000000</td>\n",
       "      <td>3.0</td>\n",
       "      <td>25.000000</td>\n",
       "      <td>0.000000</td>\n",
       "      <td>0.000000</td>\n",
       "      <td>7.925000</td>\n",
       "    </tr>\n",
       "    <tr>\n",
       "      <th>75%</th>\n",
       "      <td>0.000000</td>\n",
       "      <td>3.0</td>\n",
       "      <td>33.000000</td>\n",
       "      <td>0.000000</td>\n",
       "      <td>0.000000</td>\n",
       "      <td>9.500000</td>\n",
       "    </tr>\n",
       "    <tr>\n",
       "      <th>max</th>\n",
       "      <td>1.000000</td>\n",
       "      <td>3.0</td>\n",
       "      <td>74.000000</td>\n",
       "      <td>5.000000</td>\n",
       "      <td>5.000000</td>\n",
       "      <td>56.495800</td>\n",
       "    </tr>\n",
       "  </tbody>\n",
       "</table>\n",
       "</div>"
      ],
      "text/plain": [
       "         survived  pclass         age       sibsp       parch        fare\n",
       "count  253.000000   253.0  253.000000  253.000000  253.000000  253.000000\n",
       "mean     0.150198     3.0   26.507589    0.490119    0.256917   12.162695\n",
       "std      0.357973     0.0   12.159514    1.121976    0.667560   10.129882\n",
       "min      0.000000     3.0    0.420000    0.000000    0.000000    0.000000\n",
       "25%      0.000000     3.0   20.000000    0.000000    0.000000    7.750000\n",
       "50%      0.000000     3.0   25.000000    0.000000    0.000000    7.925000\n",
       "75%      0.000000     3.0   33.000000    0.000000    0.000000    9.500000\n",
       "max      1.000000     3.0   74.000000    5.000000    5.000000   56.495800"
      ]
     },
     "metadata": {},
     "execution_count": 8
    }
   ],
   "metadata": {}
  },
  {
   "cell_type": "code",
   "execution_count": 9,
   "source": [
    "# embarked 열의 NaN 값을 승선도시 중에서 가장 많이 출현한 값으로 치환하기\r\n",
    "most_freq = df['embarked'].value_counts(dropna=True).idxmax()\r\n",
    "print(most_freq)\r\n",
    "print('\\n')"
   ],
   "outputs": [
    {
     "output_type": "stream",
     "name": "stdout",
     "text": [
      "S\n",
      "\n",
      "\n"
     ]
    }
   ],
   "metadata": {}
  },
  {
   "cell_type": "code",
   "execution_count": 10,
   "source": [
    "df=df[['survived', 'pclass', 'sex', 'age', 'sibsp', 'parch', 'embarked']]\r\n",
    "print(df.head())\r\n"
   ],
   "outputs": [
    {
     "output_type": "stream",
     "name": "stdout",
     "text": [
      "   survived  pclass     sex   age  sibsp  parch embarked\n",
      "0         0       3    male  22.0      1      0        S\n",
      "1         1       1  female  38.0      1      0        C\n",
      "2         1       3  female  26.0      0      0        S\n",
      "3         1       1  female  35.0      1      0        S\n",
      "4         0       3    male  35.0      0      0        S\n"
     ]
    }
   ],
   "metadata": {}
  },
  {
   "cell_type": "code",
   "execution_count": 11,
   "source": [
    "# 원핫인코딩 - 범주형 데이터를 모형이 인식할 수 있도록 숫자형으로 변환\r\n",
    "onehot_sex = pd.get_dummies(df['sex'])\r\n",
    "df = pd.concat([df, onehot_sex], axis=1)\r\n",
    "df.head()\r\n",
    "\r\n",
    "onehot_embarked = pd.get_dummies(df['embarked'], prefix='town')\r\n",
    "df=pd.concat([df, onehot_embarked], axis=1)\r\n",
    "\r\n",
    "df.drop(['sex', 'embarked'], axis=1, inplace=True)\r\n",
    "print(df.head())"
   ],
   "outputs": [
    {
     "output_type": "stream",
     "name": "stdout",
     "text": [
      "   survived  pclass   age  sibsp  parch  female  male  town_C  town_Q  town_S\n",
      "0         0       3  22.0      1      0       0     1       0       0       1\n",
      "1         1       1  38.0      1      0       1     0       1       0       0\n",
      "2         1       3  26.0      0      0       1     0       0       0       1\n",
      "3         1       1  35.0      1      0       1     0       0       0       1\n",
      "4         0       3  35.0      0      0       0     1       0       0       1\n"
     ]
    }
   ],
   "metadata": {}
  },
  {
   "cell_type": "code",
   "execution_count": 15,
   "source": [
    "# 속성(변수) 선택\r\n",
    "X=df[['pclass', 'age', 'sibsp', 'parch', 'female', 'male', 'town_C', 'town_Q', 'town_S']]\r\n",
    "y=df['survived']\r\n",
    "\r\n",
    "from sklearn import preprocessing\r\n",
    "X = preprocessing.StandardScaler().fit(X).transform(X)\r\n",
    "from sklearn.model_selection import train_test_split\r\n",
    "X_train, X_test, y_train, y_test = train_test_split(X, y, test_size=0.3, random_state=10)\r\n",
    "\r\n",
    "print('train data 개수: ', X_train.shape)\r\n",
    "print('test data 개수: ', X_test.shape)"
   ],
   "outputs": [
    {
     "output_type": "stream",
     "name": "stdout",
     "text": [
      "train data 개수:  (499, 9)\n",
      "test data 개수:  (215, 9)\n"
     ]
    }
   ],
   "metadata": {}
  },
  {
   "cell_type": "code",
   "execution_count": 18,
   "source": [
    "# sklearn 라이브러리에서 KNN 분류 모형 가져오기\r\n",
    "from sklearn.neighbors import KNeighborsClassifier\r\n",
    "\r\n",
    "# 모형 객체 생성(k=5로 설정)\r\n",
    "knn = KNeighborsClassifier(n_neighbors=5)\r\n",
    "\r\n",
    "# train data를 가지고 모형학습\r\n",
    "knn.fit(X_train, y_train)\r\n",
    "\r\n",
    "# test data를 가지고 y_hat을 예측(분류)\r\n",
    "y_hat = knn.predict(X_test)\r\n",
    "\r\n",
    "print(y_hat[0:10])\r\n",
    "print(y_test.values[0:10])"
   ],
   "outputs": [
    {
     "output_type": "stream",
     "name": "stdout",
     "text": [
      "[0 0 1 0 0 1 1 1 0 0]\n",
      "[0 0 1 0 0 1 1 1 0 0]\n"
     ]
    }
   ],
   "metadata": {}
  },
  {
   "cell_type": "code",
   "execution_count": 19,
   "source": [
    "# 모형성능평가 - Confusion Matrix계산\r\n",
    "from sklearn import metrics\r\n",
    "knn_matrix = metrics.confusion_matrix(y_test, y_hat)\r\n",
    "print(knn_matrix)"
   ],
   "outputs": [
    {
     "output_type": "stream",
     "name": "stdout",
     "text": [
      "[[109  16]\n",
      " [ 25  65]]\n"
     ]
    }
   ],
   "metadata": {}
  },
  {
   "cell_type": "code",
   "execution_count": 20,
   "source": [
    "# 모형 성능 평가 - 평가 지표 계산\r\n",
    "knn_report = metrics.classification_report(y_test, y_hat)\r\n",
    "print(knn_report)"
   ],
   "outputs": [
    {
     "output_type": "stream",
     "name": "stdout",
     "text": [
      "              precision    recall  f1-score   support\n",
      "\n",
      "           0       0.81      0.87      0.84       125\n",
      "           1       0.80      0.72      0.76        90\n",
      "\n",
      "    accuracy                           0.81       215\n",
      "   macro avg       0.81      0.80      0.80       215\n",
      "weighted avg       0.81      0.81      0.81       215\n",
      "\n"
     ]
    }
   ],
   "metadata": {}
  },
  {
   "cell_type": "code",
   "execution_count": null,
   "source": [],
   "outputs": [],
   "metadata": {}
  }
 ],
 "metadata": {
  "orig_nbformat": 4,
  "language_info": {
   "name": "python",
   "version": "3.8.10",
   "mimetype": "text/x-python",
   "codemirror_mode": {
    "name": "ipython",
    "version": 3
   },
   "pygments_lexer": "ipython3",
   "nbconvert_exporter": "python",
   "file_extension": ".py"
  },
  "kernelspec": {
   "name": "python3",
   "display_name": "Python 3.8.10 64-bit ('base': conda)"
  },
  "interpreter": {
   "hash": "dd97e7e039312bfd5102ddc207199795dc5ae79eed0d3515df29345efc0940d0"
  }
 },
 "nbformat": 4,
 "nbformat_minor": 2
}